0.9095022624434389,0.9140271493212669,0.9230769230769231,0.8416289592760181,0.8959276018099548,0.8868778280542986,0.8823529411764706
0.7407407407407407,0.7692307692307693,0.8636363636363636,0.46153846153846156,1.0,0.9,1.0
0.6060606060606061,0.6060606060606061,0.5757575757575758,0.36363636363636365,0.30303030303030304,0.2727272727272727,0.21212121212121213
0.6666666666666666,0.6779661016949152,0.6909090909090909,0.4067796610169492,0.4651162790697675,0.41860465116279066,0.35
0.7844132817537073,0.7870728562217923,0.7799000644745325,0.6445841392649904,0.6515151515151515,0.6337040618955513,0.6060606060606061
"(array([0.        , 0.        , 0.        , 0.00531915, 0.00531915,
       0.0212766 , 0.0212766 , 0.03723404, 0.03723404, 0.09042553,
       0.09042553, 0.09574468, 0.09574468, 0.10638298, 0.10638298,
       0.13297872, 0.13297872, 0.14361702, 0.14361702, 0.21276596,
       0.21276596, 0.22340426, 0.22340426, 0.33510638, 0.33510638,
       0.34042553, 0.34042553, 0.4787234 , 0.4787234 , 0.64361702,
       0.64361702, 0.90957447, 0.90957447, 1.        ]), array([0.        , 0.03030303, 0.27272727, 0.27272727, 0.54545455,
       0.54545455, 0.60606061, 0.60606061, 0.63636364, 0.63636364,
       0.66666667, 0.66666667, 0.6969697 , 0.6969697 , 0.72727273,
       0.72727273, 0.75757576, 0.75757576, 0.78787879, 0.78787879,
       0.81818182, 0.81818182, 0.84848485, 0.84848485, 0.87878788,
       0.87878788, 0.90909091, 0.90909091, 0.93939394, 0.93939394,
       0.96969697, 0.96969697, 1.        , 1.        ]), array([1.96055530e+00, 9.60555303e-01, 7.10129547e-01, 7.08123599e-01,
       6.17495665e-01, 5.73152112e-01, 5.54595769e-01, 5.00068828e-01,
       4.97348617e-01, 4.18699322e-01, 4.05347599e-01, 3.84847367e-01,
       3.83614579e-01, 3.79663614e-01, 3.40533160e-01, 3.17025976e-01,
       3.07313457e-01, 3.03500032e-01, 2.91885863e-01, 1.87701757e-01,
       1.84965675e-01, 1.82133064e-01, 1.77652409e-01, 1.24485549e-01,
       1.19813659e-01, 1.19407070e-01, 1.16797447e-01, 5.73331806e-02,
       5.62432838e-02, 2.76824813e-02, 2.71123442e-02, 3.62366418e-03,
       3.45913907e-03, 1.33335063e-04]))","(array([0.        , 0.        , 0.        , 0.00531915, 0.00531915,
       0.0212766 , 0.0212766 , 0.03723404, 0.03723404, 0.09042553,
       0.09042553, 0.09574468, 0.09574468, 0.11170213, 0.11170213,
       0.13297872, 0.13297872, 0.14361702, 0.14361702, 0.21276596,
       0.21276596, 0.22340426, 0.22340426, 0.32446809, 0.32446809,
       0.4787234 , 0.4787234 , 0.64893617, 0.64893617, 0.90957447,
       0.90957447, 1.        ]), array([0.        , 0.03030303, 0.27272727, 0.27272727, 0.54545455,
       0.54545455, 0.60606061, 0.60606061, 0.63636364, 0.63636364,
       0.66666667, 0.66666667, 0.6969697 , 0.6969697 , 0.72727273,
       0.72727273, 0.75757576, 0.75757576, 0.78787879, 0.78787879,
       0.81818182, 0.81818182, 0.84848485, 0.84848485, 0.90909091,
       0.90909091, 0.93939394, 0.93939394, 0.96969697, 0.96969697,
       1.        , 1.        ]), array([1.95790861e+00, 9.57908611e-01, 7.07695708e-01, 6.94885261e-01,
       6.15702269e-01, 5.71312290e-01, 5.60861219e-01, 4.97710573e-01,
       4.95071804e-01, 4.09781936e-01, 3.98944334e-01, 3.93075474e-01,
       3.83213263e-01, 3.41745958e-01, 3.40275917e-01, 3.07273580e-01,
       3.01943343e-01, 2.95789370e-01, 2.89622744e-01, 1.86346639e-01,
       1.85681892e-01, 1.81146849e-01, 1.79797790e-01, 1.26127046e-01,
       1.22442882e-01, 5.90815136e-02, 5.69642462e-02, 2.82759397e-02,
       2.77624393e-02, 4.21056688e-03, 3.72951500e-03, 1.69260486e-04]))","(array([0.        , 0.        , 0.        , 0.00531915, 0.00531915,
       0.0106383 , 0.0106383 , 0.01595745, 0.01595745, 0.03723404,
       0.03723404, 0.09042553, 0.09042553, 0.11170213, 0.11170213,
       0.13297872, 0.13297872, 0.14361702, 0.14361702, 0.22340426,
       0.22340426, 0.2287234 , 0.2287234 , 0.2606383 , 0.2606383 ,
       0.28191489, 0.28191489, 0.4787234 , 0.4787234 , 0.69680851,
       0.69680851, 0.92553191, 0.92553191, 1.        ]), array([0.        , 0.03030303, 0.42424242, 0.42424242, 0.48484848,
       0.48484848, 0.51515152, 0.51515152, 0.60606061, 0.60606061,
       0.63636364, 0.63636364, 0.6969697 , 0.6969697 , 0.72727273,
       0.72727273, 0.75757576, 0.75757576, 0.78787879, 0.78787879,
       0.81818182, 0.81818182, 0.84848485, 0.84848485, 0.87878788,
       0.87878788, 0.90909091, 0.90909091, 0.93939394, 0.93939394,
       0.96969697, 0.96969697, 1.        , 1.        ]), array([1.92216784e+00, 9.22167840e-01, 6.01995576e-01, 5.96537479e-01,
       5.74730074e-01, 5.63707712e-01, 5.59636038e-01, 5.47001263e-01,
       4.95531472e-01, 4.42625183e-01, 4.38221687e-01, 3.91468737e-01,
       3.55891002e-01, 3.21162045e-01, 3.19360030e-01, 2.92285754e-01,
       2.82920047e-01, 2.78173618e-01, 2.76857129e-01, 1.91214738e-01,
       1.91168482e-01, 1.88609361e-01, 1.83942036e-01, 1.66665585e-01,
       1.64705552e-01, 1.53268507e-01, 1.52702577e-01, 7.64008862e-02,
       7.56402138e-02, 3.64441174e-02, 3.38442630e-02, 7.63107840e-03,
       7.60169466e-03, 1.06284343e-03]))","(array([0.        , 0.06914894, 0.07446809, 0.07446809, 0.08510638,
       0.08510638, 0.09042553, 0.09042553, 0.10638298, 0.10638298,
       0.11702128, 0.11702128, 0.13829787, 0.13829787, 0.16489362,
       0.16489362, 0.22340426, 0.34042553, 1.        ]), array([0.        , 0.33333333, 0.33333333, 0.36363636, 0.36363636,
       0.39393939, 0.39393939, 0.42424242, 0.42424242, 0.51515152,
       0.51515152, 0.54545455, 0.54545455, 0.57575758, 0.57575758,
       0.60606061, 0.60606061, 0.75757576, 1.        ]), array([1.69444655, 0.69444655, 0.62231881, 0.55017986, 0.46562043,
       0.4258616 , 0.40661244, 0.39369452, 0.30919347, 0.28804851,
       0.25234861, 0.2504307 , 0.19114216, 0.18607652, 0.11447547,
       0.11338918, 0.06600932, 0.06005096, 0.06005096]))","(array([0.        , 0.        , 0.        , 0.00531915, 0.00531915,
       0.0106383 , 0.0106383 , 0.04255319, 0.04255319, 0.04787234,
       0.04787234, 0.05319149, 0.05319149, 0.12234043, 0.12234043,
       0.18085106, 0.18085106, 0.21808511, 0.21808511, 0.22340426,
       0.22340426, 0.25      , 0.25      , 0.26595745, 0.26595745,
       0.89361702, 0.89361702, 0.93617021, 0.93617021, 1.        ]), array([0.        , 0.03030303, 0.3030303 , 0.3030303 , 0.57575758,
       0.57575758, 0.60606061, 0.60606061, 0.63636364, 0.63636364,
       0.66666667, 0.66666667, 0.6969697 , 0.6969697 , 0.72727273,
       0.72727273, 0.75757576, 0.75757576, 0.78787879, 0.78787879,
       0.81818182, 0.81818182, 0.90909091, 0.90909091, 0.93939394,
       0.93939394, 0.96969697, 0.96969697, 1.        , 1.        ]), array([1.99944852e+00, 9.99448521e-01, 5.05391146e-01, 1.94660752e-01,
       1.54224810e-02, 1.40097937e-02, 1.33579946e-02, 3.80262916e-03,
       3.62861112e-03, 2.53224273e-03, 2.41880057e-03, 2.28212527e-03,
       2.06102342e-03, 4.91677441e-04, 4.83830649e-04, 2.35490795e-04,
       1.91113117e-04, 1.32335331e-04, 1.30308011e-04, 1.29720700e-04,
       1.29339462e-04, 8.95887140e-05, 7.84893027e-05, 6.22077359e-05,
       5.91512493e-05, 5.79733800e-07, 5.48920456e-07, 3.00029561e-07,
       2.73633097e-07, 8.91693236e-08]))","(array([0.        , 0.        , 0.        , 0.        , 0.00531915,
       0.00531915, 0.00531915, 0.0106383 , 0.0106383 , 0.01595745,
       0.02659574, 0.02659574, 0.04255319, 0.05319149, 0.05851064,
       0.06914894, 0.09574468, 0.11170213, 0.11170213, 0.12234043,
       0.14361702, 0.15425532, 0.19148936, 0.20212766, 0.2287234 ,
       0.25531915, 0.26595745, 0.28723404, 0.32978723, 0.37234043,
       0.41489362, 0.43617021, 0.47340426, 0.50531915, 0.55851064,
       0.65425532, 0.72340426, 0.7712766 , 0.85106383, 0.87765957,
       0.93085106, 0.96276596, 0.98404255, 0.99468085, 1.        ]), array([0.        , 0.03030303, 0.12121212, 0.18181818, 0.21212121,
       0.33333333, 0.36363636, 0.39393939, 0.42424242, 0.48484848,
       0.48484848, 0.54545455, 0.60606061, 0.60606061, 0.63636364,
       0.66666667, 0.66666667, 0.6969697 , 0.72727273, 0.72727273,
       0.72727273, 0.72727273, 0.72727273, 0.75757576, 0.75757576,
       0.84848485, 0.84848485, 0.87878788, 0.87878788, 0.87878788,
       0.87878788, 0.90909091, 0.90909091, 0.93939394, 0.93939394,
       0.93939394, 0.93939394, 0.93939394, 0.93939394, 0.93939394,
       0.93939394, 1.        , 1.        , 1.        , 1.        ]), array([1.68, 0.68, 0.61, 0.59, 0.55, 0.48, 0.47, 0.45, 0.44, 0.43, 0.4 ,
       0.37, 0.36, 0.35, 0.33, 0.32, 0.31, 0.3 , 0.29, 0.27, 0.26, 0.25,
       0.24, 0.23, 0.22, 0.21, 0.2 , 0.19, 0.18, 0.16, 0.15, 0.14, 0.13,
       0.12, 0.11, 0.09, 0.08, 0.07, 0.06, 0.05, 0.04, 0.03, 0.02, 0.01,
       0.  ]))","(array([0.        , 0.        , 0.        , 0.        , 0.        ,
       0.00531915, 0.00531915, 0.00531915, 0.00531915, 0.01595745,
       0.03191489, 0.04255319, 0.06382979, 0.07446809, 0.07978723,
       0.09574468, 0.10638298, 0.11702128, 0.13297872, 0.14361702,
       0.15957447, 0.18085106, 0.19148936, 0.20212766, 0.2287234 ,
       0.2712766 , 0.29787234, 0.34042553, 0.38297872, 0.43085106,
       0.46276596, 0.50531915, 0.57446809, 0.61170213, 0.65957447,
       0.7393617 , 0.79787234, 0.86702128, 0.91489362, 0.95744681,
       0.96808511, 0.98404255, 0.9893617 , 1.        ]), array([0.        , 0.03030303, 0.09090909, 0.15151515, 0.24242424,
       0.24242424, 0.36363636, 0.42424242, 0.45454545, 0.45454545,
       0.51515152, 0.51515152, 0.57575758, 0.60606061, 0.60606061,
       0.60606061, 0.66666667, 0.6969697 , 0.72727273, 0.75757576,
       0.78787879, 0.78787879, 0.78787879, 0.84848485, 0.84848485,
       0.84848485, 0.87878788, 0.90909091, 0.90909091, 0.90909091,
       0.93939394, 0.93939394, 0.93939394, 0.93939394, 0.96969697,
       0.96969697, 0.96969697, 0.96969697, 0.96969697, 0.96969697,
       0.96969697, 0.96969697, 1.        , 1.        ]), array([1.73, 0.73, 0.63, 0.59, 0.49, 0.45, 0.41, 0.4 , 0.39, 0.37, 0.36,
       0.34, 0.33, 0.32, 0.31, 0.3 , 0.29, 0.28, 0.27, 0.26, 0.25, 0.24,
       0.23, 0.22, 0.21, 0.18, 0.17, 0.16, 0.15, 0.14, 0.13, 0.12, 0.11,
       0.1 , 0.09, 0.08, 0.07, 0.06, 0.05, 0.04, 0.03, 0.02, 0.01, 0.  ]))"
0.8871096877502002,0.8871096877502002,0.8847077662129704,1.0,1.0,1.0,1.0
0.752,0.7560975609756098,0.8061224489795918,1.0,1.0,1.0,1.0
0.46078431372549017,0.45588235294117646,0.3872549019607843,1.0,1.0,1.0,1.0
0.5714285714285714,0.5688073394495413,0.5231788079470199,1.0,1.0,1.0,1.0
0.7155596209775776,0.7135871094849422,0.6845365418894831,1.0,1.0,1.0,1.0
"(array([0.00000000e+00, 0.00000000e+00, 0.00000000e+00, 9.56937799e-04,
       9.56937799e-04, 2.87081340e-03, 2.87081340e-03, 3.82775120e-03,
       3.82775120e-03, 4.78468900e-03, 4.78468900e-03, 5.74162679e-03,
       5.74162679e-03, 6.69856459e-03, 6.69856459e-03, 7.65550239e-03,
       7.65550239e-03, 9.56937799e-03, 9.56937799e-03, 1.05263158e-02,
       1.05263158e-02, 1.24401914e-02, 1.24401914e-02, 1.33971292e-02,
       1.33971292e-02, 1.62679426e-02, 1.62679426e-02, 1.81818182e-02,
       1.81818182e-02, 2.00956938e-02, 2.00956938e-02, 2.10526316e-02,
       2.10526316e-02, 2.20095694e-02, 2.20095694e-02, 2.39234450e-02,
       2.39234450e-02, 2.48803828e-02, 2.48803828e-02, 2.67942584e-02,
       2.67942584e-02, 2.77511962e-02, 2.77511962e-02, 2.87081340e-02,
       2.87081340e-02, 3.06220096e-02, 3.06220096e-02, 3.15789474e-02,
       3.15789474e-02, 3.25358852e-02, 3.25358852e-02, 3.44497608e-02,
       3.44497608e-02, 3.63636364e-02, 3.63636364e-02, 3.73205742e-02,
       3.73205742e-02, 3.92344498e-02, 3.92344498e-02, 4.21052632e-02,
       4.21052632e-02, 5.74162679e-02, 5.74162679e-02, 5.83732057e-02,
       5.83732057e-02, 6.22009569e-02, 6.22009569e-02, 6.88995215e-02,
       6.88995215e-02, 6.98564593e-02, 6.98564593e-02, 7.17703349e-02,
       7.17703349e-02, 7.46411483e-02, 7.46411483e-02, 7.84688995e-02,
       7.84688995e-02, 7.94258373e-02, 7.94258373e-02, 8.22966507e-02,
       8.22966507e-02, 8.42105263e-02, 8.42105263e-02, 8.51674641e-02,
       8.51674641e-02, 9.76076555e-02, 9.76076555e-02, 9.95215311e-02,
       9.95215311e-02, 1.06220096e-01, 1.06220096e-01, 1.13875598e-01,
       1.13875598e-01, 1.16746411e-01, 1.16746411e-01, 1.28229665e-01,
       1.28229665e-01, 1.29186603e-01, 1.29186603e-01, 1.30143541e-01,
       1.30143541e-01, 1.36842105e-01, 1.36842105e-01, 1.37799043e-01,
       1.37799043e-01, 1.40669856e-01, 1.40669856e-01, 1.42583732e-01,
       1.42583732e-01, 1.45454545e-01, 1.45454545e-01, 1.55023923e-01,
       1.55023923e-01, 1.56937799e-01, 1.56937799e-01, 1.59808612e-01,
       1.59808612e-01, 1.76076555e-01, 1.76076555e-01, 1.77033493e-01,
       1.77033493e-01, 1.77990431e-01, 1.77990431e-01, 1.78947368e-01,
       1.78947368e-01, 1.80861244e-01, 1.80861244e-01, 1.86602871e-01,
       1.86602871e-01, 2.08612440e-01, 2.08612440e-01, 2.12440191e-01,
       2.12440191e-01, 2.17224880e-01, 2.17224880e-01, 2.18181818e-01,
       2.18181818e-01, 2.19138756e-01, 2.19138756e-01, 2.25837321e-01,
       2.25837321e-01, 2.30622010e-01, 2.30622010e-01, 2.37320574e-01,
       2.37320574e-01, 2.69856459e-01, 2.69856459e-01, 2.70813397e-01,
       2.70813397e-01, 2.73684211e-01, 2.73684211e-01, 2.74641148e-01,
       2.74641148e-01, 3.11004785e-01, 3.11004785e-01, 3.13875598e-01,
       3.13875598e-01, 3.17703349e-01, 3.17703349e-01, 3.46411483e-01,
       3.46411483e-01, 3.47368421e-01, 3.47368421e-01, 3.55023923e-01,
       3.55023923e-01, 3.68421053e-01, 3.68421053e-01, 3.88516746e-01,
       3.88516746e-01, 4.08612440e-01, 4.08612440e-01, 4.15311005e-01,
       4.15311005e-01, 4.33492823e-01, 4.33492823e-01, 4.63157895e-01,
       4.63157895e-01, 4.90909091e-01, 4.90909091e-01, 5.12918660e-01,
       5.12918660e-01, 5.42583732e-01, 5.42583732e-01, 5.44497608e-01,
       5.44497608e-01, 5.60765550e-01, 5.60765550e-01, 5.89473684e-01,
       5.89473684e-01, 6.02870813e-01, 6.02870813e-01, 6.58373206e-01,
       6.58373206e-01, 6.67942584e-01, 6.67942584e-01, 6.69856459e-01,
       6.69856459e-01, 6.73684211e-01, 6.73684211e-01, 7.49282297e-01,
       7.49282297e-01, 7.97129187e-01, 7.97129187e-01, 8.10526316e-01,
       8.10526316e-01, 8.17224880e-01, 8.17224880e-01, 8.49760766e-01,
       8.49760766e-01, 8.89952153e-01, 8.89952153e-01, 1.00000000e+00]), array([0.        , 0.00490196, 0.16176471, 0.16176471, 0.20588235,
       0.20588235, 0.21568627, 0.21568627, 0.25      , 0.25      ,
       0.25490196, 0.25490196, 0.26470588, 0.26470588, 0.27941176,
       0.27941176, 0.28431373, 0.28431373, 0.30392157, 0.30392157,
       0.35294118, 0.35294118, 0.3627451 , 0.3627451 , 0.37254902,
       0.37254902, 0.39705882, 0.39705882, 0.41176471, 0.41176471,
       0.41666667, 0.41666667, 0.42156863, 0.42156863, 0.42647059,
       0.42647059, 0.44117647, 0.44117647, 0.44607843, 0.44607843,
       0.45098039, 0.45098039, 0.45588235, 0.45588235, 0.46078431,
       0.46078431, 0.47058824, 0.47058824, 0.4754902 , 0.4754902 ,
       0.49019608, 0.49019608, 0.50490196, 0.50490196, 0.51470588,
       0.51470588, 0.51960784, 0.51960784, 0.5245098 , 0.5245098 ,
       0.52941176, 0.52941176, 0.53431373, 0.53431373, 0.53921569,
       0.53921569, 0.54901961, 0.54901961, 0.56372549, 0.56372549,
       0.56862745, 0.56862745, 0.57352941, 0.57352941, 0.57843137,
       0.57843137, 0.58333333, 0.58333333, 0.58823529, 0.58823529,
       0.60294118, 0.60294118, 0.60784314, 0.60784314, 0.6127451 ,
       0.6127451 , 0.61764706, 0.61764706, 0.62254902, 0.62254902,
       0.63235294, 0.63235294, 0.6372549 , 0.6372549 , 0.64215686,
       0.64215686, 0.64705882, 0.64705882, 0.65196078, 0.65196078,
       0.65686275, 0.65686275, 0.66176471, 0.66176471, 0.66666667,
       0.66666667, 0.67156863, 0.67156863, 0.67647059, 0.67647059,
       0.68137255, 0.68137255, 0.68627451, 0.68627451, 0.70588235,
       0.70588235, 0.71078431, 0.71078431, 0.71568627, 0.71568627,
       0.74019608, 0.74019608, 0.74509804, 0.74509804, 0.75      ,
       0.75      , 0.75490196, 0.75490196, 0.7745098 , 0.7745098 ,
       0.77941176, 0.77941176, 0.78431373, 0.78431373, 0.78921569,
       0.78921569, 0.79411765, 0.79411765, 0.80392157, 0.80392157,
       0.80882353, 0.80882353, 0.81372549, 0.81372549, 0.82352941,
       0.82352941, 0.82843137, 0.82843137, 0.83333333, 0.83333333,
       0.83823529, 0.83823529, 0.84313725, 0.84313725, 0.84803922,
       0.84803922, 0.85784314, 0.85784314, 0.8627451 , 0.8627451 ,
       0.87254902, 0.87254902, 0.87745098, 0.87745098, 0.88235294,
       0.88235294, 0.8872549 , 0.8872549 , 0.89705882, 0.89705882,
       0.90196078, 0.90196078, 0.90686275, 0.90686275, 0.91176471,
       0.91176471, 0.91666667, 0.91666667, 0.92156863, 0.92156863,
       0.92647059, 0.92647059, 0.93137255, 0.93137255, 0.93627451,
       0.93627451, 0.94117647, 0.94117647, 0.94607843, 0.94607843,
       0.95098039, 0.95098039, 0.95588235, 0.95588235, 0.96078431,
       0.96078431, 0.96568627, 0.96568627, 0.97058824, 0.97058824,
       0.9754902 , 0.9754902 , 0.98039216, 0.98039216, 0.98529412,
       0.98529412, 0.99019608, 0.99019608, 0.99509804, 0.99509804,
       1.        , 1.        ]), array([1.98214906e+00, 9.82149055e-01, 7.85643746e-01, 7.85221469e-01,
       7.35362424e-01, 7.30432757e-01, 7.23599786e-01, 7.12639205e-01,
       6.98783150e-01, 6.94527619e-01, 6.94214633e-01, 6.90422158e-01,
       6.86139704e-01, 6.71145785e-01, 6.57877763e-01, 6.56502414e-01,
       6.50723629e-01, 6.44489528e-01, 6.30116744e-01, 6.29944107e-01,
       6.06902287e-01, 6.03494303e-01, 5.95717132e-01, 5.92100673e-01,
       5.86822399e-01, 5.77552675e-01, 5.67302509e-01, 5.64769598e-01,
       5.61344233e-01, 5.57314121e-01, 5.54990447e-01, 5.54576936e-01,
       5.44292293e-01, 5.42922269e-01, 5.42919822e-01, 5.27792313e-01,
       5.15598435e-01, 5.13590204e-01, 5.12833089e-01, 5.06690929e-01,
       5.06059468e-01, 5.04816848e-01, 5.04381097e-01, 5.04363651e-01,
       5.01451010e-01, 4.97018542e-01, 4.89068111e-01, 4.88475524e-01,
       4.84489966e-01, 4.77535523e-01, 4.65974813e-01, 4.57626273e-01,
       4.52984116e-01, 4.50837987e-01, 4.45387571e-01, 4.40707394e-01,
       4.36484432e-01, 4.35329937e-01, 4.35013604e-01, 4.26830807e-01,
       4.26034281e-01, 3.97083377e-01, 3.94325835e-01, 3.93064151e-01,
       3.91752261e-01, 3.88244540e-01, 3.85275908e-01, 3.79919815e-01,
       3.69971348e-01, 3.68604835e-01, 3.66761170e-01, 3.64682139e-01,
       3.59040956e-01, 3.53277914e-01, 3.46230272e-01, 3.43387126e-01,
       3.41724753e-01, 3.40619923e-01, 3.36114318e-01, 3.28052449e-01,
       3.25989503e-01, 3.25346067e-01, 3.24804797e-01, 3.23316786e-01,
       3.19793988e-01, 3.01953866e-01, 3.01844040e-01, 3.00111846e-01,
       2.96656532e-01, 2.85634411e-01, 2.84062367e-01, 2.75569521e-01,
       2.74948814e-01, 2.68536289e-01, 2.67544358e-01, 2.54881978e-01,
       2.54835606e-01, 2.54602082e-01, 2.53322245e-01, 2.53177671e-01,
       2.52916527e-01, 2.46542756e-01, 2.45615289e-01, 2.44771942e-01,
       2.44550140e-01, 2.43419033e-01, 2.42309160e-01, 2.40106806e-01,
       2.39627065e-01, 2.37912681e-01, 2.37420154e-01, 2.31379792e-01,
       2.31182968e-01, 2.28907071e-01, 2.25633656e-01, 2.23713287e-01,
       2.23540213e-01, 2.10233620e-01, 2.10038729e-01, 2.08349738e-01,
       2.02240977e-01, 2.02196352e-01, 2.00775581e-01, 2.00252677e-01,
       1.99871175e-01, 1.99095127e-01, 1.96615015e-01, 1.92955591e-01,
       1.91505805e-01, 1.75357574e-01, 1.75296389e-01, 1.74672209e-01,
       1.73435493e-01, 1.69898481e-01, 1.69045853e-01, 1.68842959e-01,
       1.67208756e-01, 1.67129683e-01, 1.64727102e-01, 1.60956389e-01,
       1.60952562e-01, 1.57783248e-01, 1.57717359e-01, 1.52070658e-01,
       1.50148289e-01, 1.32441843e-01, 1.32141900e-01, 1.32137632e-01,
       1.31890231e-01, 1.30150644e-01, 1.30148571e-01, 1.29167388e-01,
       1.29026802e-01, 1.10389490e-01, 1.10366977e-01, 1.09459910e-01,
       1.08881373e-01, 1.06647035e-01, 1.06242919e-01, 9.62272288e-02,
       9.41964453e-02, 9.41150356e-02, 9.40769866e-02, 9.14311009e-02,
       9.13308044e-02, 8.66774659e-02, 8.61346468e-02, 8.12123656e-02,
       8.10675025e-02, 7.66304776e-02, 7.66228217e-02, 7.47100188e-02,
       7.44904235e-02, 6.89552397e-02, 6.83305740e-02, 5.89394097e-02,
       5.88376067e-02, 5.43116325e-02, 5.42676647e-02, 4.94030803e-02,
       4.93235626e-02, 4.35718013e-02, 4.35395790e-02, 4.31465663e-02,
       4.30860472e-02, 4.01410623e-02, 3.97534082e-02, 3.58003602e-02,
       3.54864535e-02, 3.33488766e-02, 3.32644575e-02, 2.49130292e-02,
       2.48586570e-02, 2.37322765e-02, 2.36879211e-02, 2.36263456e-02,
       2.35931552e-02, 2.31372726e-02, 2.30327030e-02, 1.49570459e-02,
       1.48836272e-02, 1.12521256e-02, 1.11728953e-02, 1.02309666e-02,
       1.01376407e-02, 9.67533606e-03, 9.65184084e-03, 7.68109867e-03,
       7.65219402e-03, 5.16091487e-03, 5.13280658e-03, 2.06124776e-07]))","(array([0.00000000e+00, 0.00000000e+00, 0.00000000e+00, 9.56937799e-04,
       9.56937799e-04, 2.87081340e-03, 2.87081340e-03, 3.82775120e-03,
       3.82775120e-03, 4.78468900e-03, 4.78468900e-03, 5.74162679e-03,
       5.74162679e-03, 6.69856459e-03, 6.69856459e-03, 8.61244019e-03,
       8.61244019e-03, 9.56937799e-03, 9.56937799e-03, 1.05263158e-02,
       1.05263158e-02, 1.14832536e-02, 1.14832536e-02, 1.33971292e-02,
       1.33971292e-02, 1.43540670e-02, 1.43540670e-02, 1.53110048e-02,
       1.53110048e-02, 1.81818182e-02, 1.81818182e-02, 2.10526316e-02,
       2.10526316e-02, 2.20095694e-02, 2.20095694e-02, 2.29665072e-02,
       2.29665072e-02, 2.58373206e-02, 2.58373206e-02, 2.67942584e-02,
       2.67942584e-02, 2.77511962e-02, 2.77511962e-02, 3.06220096e-02,
       3.06220096e-02, 3.25358852e-02, 3.25358852e-02, 3.34928230e-02,
       3.34928230e-02, 3.44497608e-02, 3.44497608e-02, 3.54066986e-02,
       3.54066986e-02, 3.73205742e-02, 3.73205742e-02, 3.82775120e-02,
       3.82775120e-02, 5.64593301e-02, 5.64593301e-02, 5.74162679e-02,
       5.74162679e-02, 6.69856459e-02, 6.69856459e-02, 6.88995215e-02,
       6.88995215e-02, 6.98564593e-02, 6.98564593e-02, 7.08133971e-02,
       7.08133971e-02, 7.65550239e-02, 7.65550239e-02, 7.94258373e-02,
       7.94258373e-02, 8.03827751e-02, 8.03827751e-02, 8.61244019e-02,
       8.61244019e-02, 9.56937799e-02, 9.56937799e-02, 9.76076555e-02,
       9.76076555e-02, 1.05263158e-01, 1.05263158e-01, 1.07177033e-01,
       1.07177033e-01, 1.13875598e-01, 1.13875598e-01, 1.15789474e-01,
       1.15789474e-01, 1.26315789e-01, 1.26315789e-01, 1.27272727e-01,
       1.27272727e-01, 1.32057416e-01, 1.32057416e-01, 1.33014354e-01,
       1.33014354e-01, 1.37799043e-01, 1.37799043e-01, 1.45454545e-01,
       1.45454545e-01, 1.51196172e-01, 1.51196172e-01, 1.53110048e-01,
       1.53110048e-01, 1.55980861e-01, 1.55980861e-01, 1.71291866e-01,
       1.71291866e-01, 1.74162679e-01, 1.74162679e-01, 1.76076555e-01,
       1.76076555e-01, 1.77033493e-01, 1.77033493e-01, 1.77990431e-01,
       1.77990431e-01, 1.79904306e-01, 1.79904306e-01, 1.81818182e-01,
       1.81818182e-01, 1.82775120e-01, 1.82775120e-01, 1.83732057e-01,
       1.83732057e-01, 1.85645933e-01, 1.85645933e-01, 1.90430622e-01,
       1.90430622e-01, 2.07655502e-01, 2.07655502e-01, 2.10526316e-01,
       2.10526316e-01, 2.13397129e-01, 2.13397129e-01, 2.14354067e-01,
       2.14354067e-01, 2.34449761e-01, 2.34449761e-01, 2.36363636e-01,
       2.36363636e-01, 2.44976077e-01, 2.44976077e-01, 2.60287081e-01,
       2.60287081e-01, 2.61244019e-01, 2.61244019e-01, 2.66028708e-01,
       2.66028708e-01, 2.76555024e-01, 2.76555024e-01, 3.08133971e-01,
       3.08133971e-01, 3.10047847e-01, 3.10047847e-01, 3.22488038e-01,
       3.22488038e-01, 3.26315789e-01, 3.26315789e-01, 3.49282297e-01,
       3.49282297e-01, 3.50239234e-01, 3.50239234e-01, 3.52153110e-01,
       3.52153110e-01, 3.64593301e-01, 3.64593301e-01, 3.68421053e-01,
       3.68421053e-01, 3.70334928e-01, 3.70334928e-01, 3.94258373e-01,
       3.94258373e-01, 3.97129187e-01, 3.97129187e-01, 4.12440191e-01,
       4.12440191e-01, 4.34449761e-01, 4.34449761e-01, 4.68899522e-01,
       4.68899522e-01, 4.94736842e-01, 4.94736842e-01, 5.21531100e-01,
       5.21531100e-01, 5.43540670e-01, 5.43540670e-01, 5.50239234e-01,
       5.50239234e-01, 5.59808612e-01, 5.59808612e-01, 6.20095694e-01,
       6.20095694e-01, 6.30622010e-01, 6.30622010e-01, 6.62200957e-01,
       6.62200957e-01, 6.65071770e-01, 6.65071770e-01, 6.72727273e-01,
       6.72727273e-01, 7.54066986e-01, 7.54066986e-01, 8.00000000e-01,
       8.00000000e-01, 8.15311005e-01, 8.15311005e-01, 8.24880383e-01,
       8.24880383e-01, 8.70813397e-01, 8.70813397e-01, 8.98564593e-01,
       8.98564593e-01, 1.00000000e+00]), array([0.        , 0.00490196, 0.16176471, 0.16176471, 0.20588235,
       0.20588235, 0.2254902 , 0.2254902 , 0.25      , 0.25      ,
       0.25980392, 0.25980392, 0.26470588, 0.26470588, 0.2745098 ,
       0.2745098 , 0.29901961, 0.29901961, 0.30882353, 0.30882353,
       0.34803922, 0.34803922, 0.35294118, 0.35294118, 0.35784314,
       0.35784314, 0.37745098, 0.37745098, 0.39705882, 0.39705882,
       0.41176471, 0.41176471, 0.42647059, 0.42647059, 0.43137255,
       0.43137255, 0.43627451, 0.43627451, 0.44607843, 0.44607843,
       0.45098039, 0.45098039, 0.45588235, 0.45588235, 0.4754902 ,
       0.4754902 , 0.49019608, 0.49019608, 0.49509804, 0.49509804,
       0.50980392, 0.50980392, 0.51960784, 0.51960784, 0.5245098 ,
       0.5245098 , 0.52941176, 0.52941176, 0.53431373, 0.53431373,
       0.53921569, 0.53921569, 0.54901961, 0.54901961, 0.56372549,
       0.56372549, 0.56862745, 0.56862745, 0.57352941, 0.57352941,
       0.58333333, 0.58333333, 0.58823529, 0.58823529, 0.59803922,
       0.59803922, 0.60784314, 0.60784314, 0.61764706, 0.61764706,
       0.62254902, 0.62254902, 0.62745098, 0.62745098, 0.63235294,
       0.63235294, 0.6372549 , 0.6372549 , 0.64215686, 0.64215686,
       0.64705882, 0.64705882, 0.65196078, 0.65196078, 0.65686275,
       0.65686275, 0.66666667, 0.66666667, 0.67156863, 0.67156863,
       0.67647059, 0.67647059, 0.69117647, 0.69117647, 0.70098039,
       0.70098039, 0.71078431, 0.71078431, 0.71568627, 0.71568627,
       0.72058824, 0.72058824, 0.7254902 , 0.7254902 , 0.73039216,
       0.73039216, 0.73529412, 0.73529412, 0.75      , 0.75      ,
       0.75490196, 0.75490196, 0.75980392, 0.75980392, 0.76470588,
       0.76470588, 0.76960784, 0.76960784, 0.7745098 , 0.7745098 ,
       0.77941176, 0.77941176, 0.78431373, 0.78431373, 0.79411765,
       0.79411765, 0.80392157, 0.80392157, 0.81372549, 0.81372549,
       0.81862745, 0.81862745, 0.82352941, 0.82352941, 0.82843137,
       0.82843137, 0.83333333, 0.83333333, 0.83823529, 0.83823529,
       0.84313725, 0.84313725, 0.84803922, 0.84803922, 0.85294118,
       0.85294118, 0.85784314, 0.85784314, 0.8627451 , 0.8627451 ,
       0.86764706, 0.86764706, 0.87254902, 0.87254902, 0.87745098,
       0.87745098, 0.88235294, 0.88235294, 0.8872549 , 0.8872549 ,
       0.89215686, 0.89215686, 0.89705882, 0.89705882, 0.90196078,
       0.90196078, 0.90686275, 0.90686275, 0.91176471, 0.91176471,
       0.91666667, 0.91666667, 0.92156863, 0.92156863, 0.92647059,
       0.92647059, 0.93137255, 0.93137255, 0.93627451, 0.93627451,
       0.94117647, 0.94117647, 0.94607843, 0.94607843, 0.95098039,
       0.95098039, 0.95588235, 0.95588235, 0.96078431, 0.96078431,
       0.97058824, 0.97058824, 0.9754902 , 0.9754902 , 0.98039216,
       0.98039216, 0.98529412, 0.98529412, 0.99019608, 0.99019608,
       0.99509804, 0.99509804, 1.        , 1.        ]), array([1.98059075e+00, 9.80590747e-01, 7.74798439e-01, 7.74501777e-01,
       7.29696473e-01, 7.27175131e-01, 7.01846543e-01, 6.98484689e-01,
       6.86349645e-01, 6.82708713e-01, 6.81212203e-01, 6.80016335e-01,
       6.74114153e-01, 6.62819923e-01, 6.51010860e-01, 6.47272487e-01,
       6.34512757e-01, 6.32741236e-01, 6.24841241e-01, 6.23055032e-01,
       6.04383413e-01, 6.02807888e-01, 6.02285409e-01, 5.89729038e-01,
       5.88352707e-01, 5.86177537e-01, 5.72432930e-01, 5.71471759e-01,
       5.63505667e-01, 5.60873727e-01, 5.48555131e-01, 5.44022023e-01,
       5.39877694e-01, 5.28271837e-01, 5.23508136e-01, 5.19851459e-01,
       5.19600850e-01, 5.13074136e-01, 5.06795442e-01, 5.03479770e-01,
       5.02839099e-01, 5.02114002e-01, 5.01707417e-01, 4.97373196e-01,
       4.84676808e-01, 4.79434547e-01, 4.64783720e-01, 4.58353098e-01,
       4.52518172e-01, 4.51055432e-01, 4.47753902e-01, 4.45107632e-01,
       4.39886683e-01, 4.35469382e-01, 4.32835108e-01, 4.31975028e-01,
       4.29736475e-01, 3.95846118e-01, 3.95040426e-01, 3.93399118e-01,
       3.92886742e-01, 3.81954665e-01, 3.78769325e-01, 3.75085948e-01,
       3.69862074e-01, 3.66513520e-01, 3.61048346e-01, 3.59056124e-01,
       3.56381625e-01, 3.45232928e-01, 3.41636512e-01, 3.38343306e-01,
       3.37417456e-01, 3.37160814e-01, 3.28295407e-01, 3.17356144e-01,
       3.16427805e-01, 3.02149582e-01, 3.02035835e-01, 2.98687837e-01,
       2.93844403e-01, 2.90571797e-01, 2.87637744e-01, 2.87233253e-01,
       2.84331656e-01, 2.76502332e-01, 2.75324532e-01, 2.73106929e-01,
       2.70531432e-01, 2.57235289e-01, 2.56615696e-01, 2.56302869e-01,
       2.56107581e-01, 2.51049818e-01, 2.50781433e-01, 2.49484203e-01,
       2.47685439e-01, 2.43078873e-01, 2.41867772e-01, 2.37975789e-01,
       2.37923430e-01, 2.34698216e-01, 2.32512205e-01, 2.32057747e-01,
       2.31174239e-01, 2.27854857e-01, 2.24569060e-01, 2.14213579e-01,
       2.12745788e-01, 2.11639813e-01, 2.11432016e-01, 2.06039188e-01,
       2.04706106e-01, 2.04538851e-01, 2.02613901e-01, 2.01924553e-01,
       2.01041877e-01, 1.99669827e-01, 1.98044276e-01, 1.97608869e-01,
       1.97563219e-01, 1.96385977e-01, 1.95261899e-01, 1.94119961e-01,
       1.93831495e-01, 1.93245124e-01, 1.93164752e-01, 1.88610810e-01,
       1.88354718e-01, 1.75580742e-01, 1.75551515e-01, 1.74418841e-01,
       1.74048473e-01, 1.71887294e-01, 1.71318587e-01, 1.71216106e-01,
       1.70514481e-01, 1.58988891e-01, 1.58148219e-01, 1.54280394e-01,
       1.52728541e-01, 1.47740609e-01, 1.47499709e-01, 1.35175485e-01,
       1.35087806e-01, 1.35082494e-01, 1.34872936e-01, 1.33299312e-01,
       1.33061976e-01, 1.29633798e-01, 1.29235739e-01, 1.14544403e-01,
       1.13513068e-01, 1.13161513e-01, 1.12869506e-01, 1.06832359e-01,
       1.06750893e-01, 1.04948020e-01, 1.04939239e-01, 9.71902898e-02,
       9.58777757e-02, 9.58482706e-02, 9.55123786e-02, 9.48075473e-02,
       9.43749308e-02, 9.05388396e-02, 9.02942537e-02, 8.83809683e-02,
       8.77276522e-02, 8.72924704e-02, 8.69914047e-02, 8.09816996e-02,
       8.09033109e-02, 8.02692057e-02, 8.01084259e-02, 7.71934756e-02,
       7.67259950e-02, 6.89362366e-02, 6.88573281e-02, 5.97090091e-02,
       5.95177989e-02, 5.43062248e-02, 5.42534503e-02, 4.91577311e-02,
       4.90992877e-02, 4.59650411e-02, 4.57659523e-02, 4.40976015e-02,
       4.40318544e-02, 4.15769653e-02, 4.13805925e-02, 3.27871162e-02,
       3.24932795e-02, 3.12877287e-02, 3.12239158e-02, 2.62027419e-02,
       2.61946156e-02, 2.56752853e-02, 2.56744453e-02, 2.50418227e-02,
       2.47761646e-02, 1.57895662e-02, 1.55495345e-02, 1.19463937e-02,
       1.18929619e-02, 1.09366381e-02, 1.09168852e-02, 1.03146867e-02,
       1.02649446e-02, 7.08933309e-03, 7.02546623e-03, 5.47410499e-03,
       5.40614920e-03, 7.37714577e-05]))","(array([0.        , 0.        , 0.        , 0.00191388, 0.00191388,
       0.00287081, 0.00287081, 0.00478469, 0.00478469, 0.00574163,
       0.00574163, 0.0076555 , 0.0076555 , 0.00861244, 0.00861244,
       0.00956938, 0.00956938, 0.01148325, 0.01148325, 0.01339713,
       0.01339713, 0.015311  , 0.015311  , 0.01626794, 0.01626794,
       0.01818182, 0.01818182, 0.01913876, 0.01913876, 0.02009569,
       0.02009569, 0.02105263, 0.02105263, 0.02296651, 0.02296651,
       0.02488038, 0.02488038, 0.02583732, 0.02583732, 0.02679426,
       0.02679426, 0.0277512 , 0.0277512 , 0.02870813, 0.02870813,
       0.02966507, 0.02966507, 0.0354067 , 0.0354067 , 0.03827751,
       0.03827751, 0.03923445, 0.03923445, 0.04019139, 0.04019139,
       0.04114833, 0.04114833, 0.04210526, 0.04210526, 0.05358852,
       0.05358852, 0.05837321, 0.05837321, 0.05933014, 0.05933014,
       0.06220096, 0.06220096, 0.06315789, 0.06315789, 0.06794258,
       0.06794258, 0.06889952, 0.06889952, 0.07177033, 0.07177033,
       0.0784689 , 0.0784689 , 0.08899522, 0.08899522, 0.09090909,
       0.09090909, 0.09569378, 0.09569378, 0.10047847, 0.10047847,
       0.10239234, 0.10239234, 0.10717703, 0.10717703, 0.11196172,
       0.11196172, 0.11483254, 0.11483254, 0.11674641, 0.11674641,
       0.1215311 , 0.1215311 , 0.12344498, 0.12344498, 0.12440191,
       0.12440191, 0.12822967, 0.12822967, 0.13397129, 0.13397129,
       0.15215311, 0.15215311, 0.15311005, 0.15311005, 0.15406699,
       0.15406699, 0.15789474, 0.15789474, 0.16172249, 0.16172249,
       0.16267943, 0.16267943, 0.1645933 , 0.1645933 , 0.17607656,
       0.17607656, 0.17703349, 0.17703349, 0.17990431, 0.17990431,
       0.18086124, 0.18086124, 0.18277512, 0.18277512, 0.18755981,
       0.18755981, 0.19043062, 0.19043062, 0.1923445 , 0.1923445 ,
       0.19617225, 0.19617225, 0.19904306, 0.19904306, 0.20287081,
       0.20287081, 0.20574163, 0.20574163, 0.21244019, 0.21244019,
       0.21435407, 0.21435407, 0.21913876, 0.21913876, 0.22583732,
       0.22583732, 0.2507177 , 0.2507177 , 0.25741627, 0.25741627,
       0.25933014, 0.25933014, 0.27751196, 0.27751196, 0.27942584,
       0.27942584, 0.30526316, 0.30526316, 0.30813397, 0.30813397,
       0.32057416, 0.32057416, 0.33014354, 0.33014354, 0.34449761,
       0.34449761, 0.3492823 , 0.3492823 , 0.36650718, 0.36650718,
       0.37799043, 0.37799043, 0.39043062, 0.39043062, 0.40956938,
       0.40956938, 0.43253589, 0.43253589, 0.48229665, 0.48229665,
       0.49186603, 0.49186603, 0.50430622, 0.50430622, 0.51100478,
       0.51100478, 0.53301435, 0.53301435, 0.57607656, 0.57607656,
       0.59043062, 0.59043062, 0.59521531, 0.59521531, 0.6076555 ,
       0.6076555 , 0.63923445, 0.63923445, 0.64497608, 0.64497608,
       0.69473684, 0.69473684, 0.7215311 , 0.7215311 , 0.80956938,
       0.80956938, 0.81339713, 0.81339713, 0.8277512 , 0.8277512 ,
       0.83923445, 0.83923445, 0.84019139, 0.84019139, 0.90717703,
       0.90717703, 0.94449761, 0.94449761, 1.        ]), array([0.        , 0.00490196, 0.17647059, 0.17647059, 0.20098039,
       0.20098039, 0.26470588, 0.26470588, 0.2745098 , 0.2745098 ,
       0.28921569, 0.28921569, 0.30882353, 0.30882353, 0.31862745,
       0.31862745, 0.33333333, 0.33333333, 0.35294118, 0.35294118,
       0.3627451 , 0.3627451 , 0.38235294, 0.38235294, 0.3872549 ,
       0.3872549 , 0.39705882, 0.39705882, 0.40196078, 0.40196078,
       0.40686275, 0.40686275, 0.41176471, 0.41176471, 0.42647059,
       0.42647059, 0.44607843, 0.44607843, 0.45588235, 0.45588235,
       0.46568627, 0.46568627, 0.49019608, 0.49019608, 0.49509804,
       0.49509804, 0.5       , 0.5       , 0.50980392, 0.50980392,
       0.51470588, 0.51470588, 0.51960784, 0.51960784, 0.52941176,
       0.52941176, 0.53431373, 0.53431373, 0.53921569, 0.53921569,
       0.54411765, 0.54411765, 0.55392157, 0.55392157, 0.55882353,
       0.55882353, 0.56372549, 0.56372549, 0.56862745, 0.56862745,
       0.57352941, 0.57352941, 0.57843137, 0.57843137, 0.58333333,
       0.58333333, 0.58823529, 0.58823529, 0.59313725, 0.59313725,
       0.59803922, 0.59803922, 0.60784314, 0.60784314, 0.6127451 ,
       0.6127451 , 0.62254902, 0.62254902, 0.62745098, 0.62745098,
       0.63235294, 0.63235294, 0.6372549 , 0.6372549 , 0.64215686,
       0.64215686, 0.65196078, 0.65196078, 0.66176471, 0.66176471,
       0.66666667, 0.66666667, 0.67647059, 0.67647059, 0.68137255,
       0.68137255, 0.68627451, 0.68627451, 0.69117647, 0.69117647,
       0.69607843, 0.69607843, 0.70588235, 0.70588235, 0.71078431,
       0.71078431, 0.71568627, 0.71568627, 0.72058824, 0.72058824,
       0.7254902 , 0.7254902 , 0.73039216, 0.73039216, 0.74509804,
       0.74509804, 0.75      , 0.75      , 0.75490196, 0.75490196,
       0.75980392, 0.75980392, 0.76470588, 0.76470588, 0.77941176,
       0.77941176, 0.78431373, 0.78431373, 0.78921569, 0.78921569,
       0.79411765, 0.79411765, 0.79901961, 0.79901961, 0.80392157,
       0.80392157, 0.80882353, 0.80882353, 0.81372549, 0.81372549,
       0.81862745, 0.81862745, 0.82352941, 0.82352941, 0.82843137,
       0.82843137, 0.83333333, 0.83333333, 0.83823529, 0.83823529,
       0.84313725, 0.84313725, 0.84803922, 0.84803922, 0.85294118,
       0.85294118, 0.85784314, 0.85784314, 0.8627451 , 0.8627451 ,
       0.86764706, 0.86764706, 0.87254902, 0.87254902, 0.87745098,
       0.87745098, 0.88235294, 0.88235294, 0.8872549 , 0.8872549 ,
       0.89705882, 0.89705882, 0.90196078, 0.90196078, 0.90686275,
       0.90686275, 0.91176471, 0.91176471, 0.91666667, 0.91666667,
       0.92156863, 0.92156863, 0.92647059, 0.92647059, 0.93137255,
       0.93137255, 0.93627451, 0.93627451, 0.94117647, 0.94117647,
       0.94607843, 0.94607843, 0.95098039, 0.95098039, 0.95588235,
       0.95588235, 0.96078431, 0.96078431, 0.96568627, 0.96568627,
       0.97058824, 0.97058824, 0.9754902 , 0.9754902 , 0.98039216,
       0.98039216, 0.98529412, 0.98529412, 0.99019608, 0.99019608,
       0.99509804, 0.99509804, 1.        , 1.        ]), array([1.95791627e+00, 9.57916268e-01, 6.94321324e-01, 6.88361211e-01,
       6.74915887e-01, 6.74103951e-01, 5.93507115e-01, 5.90778240e-01,
       5.87455065e-01, 5.87083674e-01, 5.80774563e-01, 5.76161075e-01,
       5.71357339e-01, 5.70357564e-01, 5.56327588e-01, 5.54613517e-01,
       5.50757782e-01, 5.44583191e-01, 5.36901239e-01, 5.33835976e-01,
       5.31136939e-01, 5.27379715e-01, 5.18583772e-01, 5.09750637e-01,
       5.09170500e-01, 5.01830064e-01, 4.95517369e-01, 4.94679256e-01,
       4.92877224e-01, 4.92434356e-01, 4.88674718e-01, 4.86535269e-01,
       4.84390664e-01, 4.81948178e-01, 4.78737710e-01, 4.72751412e-01,
       4.65775595e-01, 4.59678647e-01, 4.54853174e-01, 4.54489717e-01,
       4.52324999e-01, 4.51879803e-01, 4.39740873e-01, 4.37565078e-01,
       4.36764818e-01, 4.32620155e-01, 4.30603467e-01, 4.14389053e-01,
       4.12636008e-01, 4.06148830e-01, 3.95950113e-01, 3.95282760e-01,
       3.93765275e-01, 3.90146253e-01, 3.89537002e-01, 3.88783641e-01,
       3.88439203e-01, 3.85814247e-01, 3.85462262e-01, 3.68237118e-01,
       3.67752217e-01, 3.63060685e-01, 3.60357920e-01, 3.59894710e-01,
       3.50923560e-01, 3.47643554e-01, 3.47358399e-01, 3.46260303e-01,
       3.44860738e-01, 3.38883956e-01, 3.38751598e-01, 3.37825721e-01,
       3.37616813e-01, 3.34290873e-01, 3.33962533e-01, 3.19958811e-01,
       3.19890517e-01, 3.07282456e-01, 3.06556555e-01, 3.04210851e-01,
       3.02608817e-01, 2.99100393e-01, 2.97010605e-01, 2.89727437e-01,
       2.88726897e-01, 2.85496569e-01, 2.82197381e-01, 2.79248249e-01,
       2.79239914e-01, 2.75058372e-01, 2.74988485e-01, 2.72588662e-01,
       2.72432413e-01, 2.70454286e-01, 2.68974018e-01, 2.65008508e-01,
       2.63632290e-01, 2.62913936e-01, 2.60329450e-01, 2.59741588e-01,
       2.57876066e-01, 2.55324699e-01, 2.51321289e-01, 2.48621101e-01,
       2.47958975e-01, 2.37027096e-01, 2.36910928e-01, 2.36633359e-01,
       2.35802036e-01, 2.34185457e-01, 2.31838940e-01, 2.27365497e-01,
       2.25958815e-01, 2.23926026e-01, 2.19177722e-01, 2.18341030e-01,
       2.15148372e-01, 2.14244912e-01, 2.13973966e-01, 2.03767149e-01,
       2.03267271e-01, 2.02524956e-01, 2.01936601e-01, 1.99143631e-01,
       1.97294084e-01, 1.96869976e-01, 1.96386120e-01, 1.95838949e-01,
       1.95480304e-01, 1.93417336e-01, 1.93251010e-01, 1.92604514e-01,
       1.92264461e-01, 1.90781506e-01, 1.89929091e-01, 1.88615226e-01,
       1.88257435e-01, 1.82608108e-01, 1.82129521e-01, 1.79582584e-01,
       1.79333247e-01, 1.78726192e-01, 1.78120696e-01, 1.76139413e-01,
       1.75671821e-01, 1.74519567e-01, 1.73637929e-01, 1.71821170e-01,
       1.71244982e-01, 1.67717994e-01, 1.67447574e-01, 1.52748494e-01,
       1.52718163e-01, 1.49576852e-01, 1.49413829e-01, 1.48983188e-01,
       1.48708701e-01, 1.42424689e-01, 1.42346245e-01, 1.41480122e-01,
       1.40927073e-01, 1.31469579e-01, 1.30599464e-01, 1.29023419e-01,
       1.27848029e-01, 1.22320295e-01, 1.22286728e-01, 1.19069063e-01,
       1.18766673e-01, 1.13628137e-01, 1.13128490e-01, 1.11839245e-01,
       1.11476812e-01, 1.06767774e-01, 1.06435043e-01, 1.03101324e-01,
       1.02683888e-01, 9.85288368e-02, 9.79398458e-02, 9.39204927e-02,
       9.36845979e-02, 8.69425244e-02, 8.69038006e-02, 7.43765498e-02,
       7.41610271e-02, 7.25210596e-02, 7.23969811e-02, 7.01195709e-02,
       7.00618539e-02, 6.88535281e-02, 6.88373321e-02, 6.32525727e-02,
       6.30891915e-02, 5.64452393e-02, 5.64016756e-02, 5.29176916e-02,
       5.27210440e-02, 5.19438180e-02, 5.14672541e-02, 4.89666748e-02,
       4.85816874e-02, 4.39339209e-02, 4.38094945e-02, 4.30017767e-02,
       4.29863475e-02, 3.53001356e-02, 3.48346180e-02, 3.11315430e-02,
       3.08508105e-02, 2.07949124e-02, 2.05395925e-02, 2.04240108e-02,
       2.01640094e-02, 1.87077798e-02, 1.86592057e-02, 1.76390772e-02,
       1.76290827e-02, 1.75097638e-02, 1.73913608e-02, 1.04204315e-02,
       1.03639080e-02, 6.79335299e-03, 6.74220590e-03, 4.77337276e-04]))","(array([0.        , 0.        , 0.        , 0.13397129, 1.        ]), array([0.        , 0.06372549, 1.        , 1.        , 1.        ]), array([1.69444655, 0.69444655, 0.69444655, 0.06005096, 0.06005096]))","(array([0., 0., 0., 1.]), array([0.        , 0.00490196, 1.        , 1.        ]), array([1.99999990e+00, 9.99999904e-01, 9.99991202e-01, 1.72574291e-08]))","(array([0.        , 0.        , 0.        , 0.        , 0.        ,
       0.        , 0.        , 0.        , 0.        , 0.        ,
       0.        , 0.        , 0.        , 0.        , 0.        ,
       0.        , 0.        , 0.        , 0.        , 0.        ,
       0.        , 0.        , 0.        , 0.        , 0.        ,
       0.        , 0.        , 0.        , 0.        , 0.        ,
       0.        , 0.00287081, 0.00861244, 0.01722488, 0.04019139,
       0.05263158, 0.06411483, 0.08038278, 0.10143541, 0.13779904,
       0.17129187, 0.20382775, 0.24688995, 0.29473684, 0.37320574,
       0.47464115, 0.5923445 , 0.71674641, 0.94258373, 1.        ]), array([0.        , 0.00490196, 0.01470588, 0.0245098 , 0.03921569,
       0.04411765, 0.05882353, 0.09803922, 0.12254902, 0.18137255,
       0.25      , 0.29411765, 0.35294118, 0.39215686, 0.43627451,
       0.48529412, 0.52941176, 0.55882353, 0.62254902, 0.67156863,
       0.70588235, 0.79411765, 0.82352941, 0.8627451 , 0.8872549 ,
       0.92647059, 0.96568627, 0.98039216, 0.98529412, 0.99509804,
       1.        , 1.        , 1.        , 1.        , 1.        ,
       1.        , 1.        , 1.        , 1.        , 1.        ,
       1.        , 1.        , 1.        , 1.        , 1.        ,
       1.        , 1.        , 1.        , 1.        , 1.        ]), array([1.96, 0.96, 0.93, 0.92, 0.91, 0.9 , 0.89, 0.87, 0.85, 0.83, 0.81,
       0.8 , 0.79, 0.78, 0.77, 0.76, 0.75, 0.74, 0.73, 0.72, 0.71, 0.69,
       0.68, 0.66, 0.65, 0.64, 0.62, 0.61, 0.59, 0.58, 0.56, 0.25, 0.2 ,
       0.19, 0.16, 0.15, 0.14, 0.13, 0.12, 0.11, 0.1 , 0.09, 0.08, 0.07,
       0.06, 0.05, 0.04, 0.03, 0.01, 0.  ]))","(array([0.        , 0.        , 0.        , 0.        , 0.        ,
       0.        , 0.        , 0.        , 0.        , 0.        ,
       0.        , 0.        , 0.        , 0.        , 0.        ,
       0.        , 0.        , 0.        , 0.        , 0.        ,
       0.        , 0.        , 0.        , 0.        , 0.        ,
       0.        , 0.        , 0.        , 0.        , 0.        ,
       0.        , 0.00191388, 0.00574163, 0.0076555 , 0.01339713,
       0.01722488, 0.02966507, 0.04593301, 0.05167464, 0.05454545,
       0.07368421, 0.0861244 , 0.11196172, 0.14449761, 0.19904306,
       0.24401914, 0.30430622, 0.39138756, 0.48995215, 0.59617225,
       0.72057416, 0.85358852, 0.93875598, 1.        ]), array([0.        , 0.00980392, 0.01960784, 0.03921569, 0.05882353,
       0.08333333, 0.09313725, 0.13235294, 0.15686275, 0.17156863,
       0.23529412, 0.2745098 , 0.37254902, 0.41176471, 0.46078431,
       0.53921569, 0.59803922, 0.63235294, 0.67647059, 0.74509804,
       0.7745098 , 0.81372549, 0.83333333, 0.85784314, 0.8872549 ,
       0.92156863, 0.93627451, 0.94117647, 0.98529412, 0.99509804,
       1.        , 1.        , 1.        , 1.        , 1.        ,
       1.        , 1.        , 1.        , 1.        , 1.        ,
       1.        , 1.        , 1.        , 1.        , 1.        ,
       1.        , 1.        , 1.        , 1.        , 1.        ,
       1.        , 1.        , 1.        , 1.        ]), array([1.96, 0.96, 0.92, 0.89, 0.88, 0.87, 0.86, 0.84, 0.83, 0.82, 0.81,
       0.8 , 0.78, 0.77, 0.76, 0.74, 0.73, 0.72, 0.71, 0.7 , 0.69, 0.68,
       0.67, 0.66, 0.65, 0.64, 0.63, 0.62, 0.59, 0.57, 0.54, 0.27, 0.21,
       0.2 , 0.19, 0.18, 0.17, 0.16, 0.15, 0.14, 0.13, 0.12, 0.11, 0.1 ,
       0.09, 0.08, 0.07, 0.06, 0.05, 0.04, 0.03, 0.02, 0.01, 0.  ]))"
